Article ID
37259025937
37260048145
37262757364
37262757364
37281611247
37281611247
37295443203
37295443203
37303240609
37305388693
37305388693
37265019723
37273062721
37278122783
37278122783
37278122783
37278122783
37294564820
37294564820
37294564820
37275458083
37275603484
37297139364
37302198015
37302198015
37302198015
37302198015
37305041634
37307063909
37307063909
37273461423
37273461423
37274080790
37283537434
37266373091
37269989503
37274382832
37274382832
37300903603
37300903603
37306537828
37306537828
37306537828
37306537828
37306537828
37306537828
37306537828
37306537828
37306537828
37306537828
37306537828
37306537828
37306537828
37306537828
37306537828
37283541191
37283541191
37283541191
37306065119
37306065119
37306065119
37260551683
37305415849
37271717387
37273121534
37273121534
37275460226
37275460226
37280457122
37294837626
37294837626
37301201180
37304833491
37304833491
37265509168
37258917255
37258917255
37260766953
37262754596
37281993846
37281993846
37264476439
37268554700
37268554700
37290654039
37299430616
37299430616
37299430616
37259093728
37259093728
37261722628
37272462701
37282897066
37282897066
37282897066
37282897066
37301131543
37301131543
37303732427
37303732427
37303732427
37303732427
37303732427
37258990530
37258990530
37258990530
37261914695
37261914695
37261914695
37300023218
37302197755
37302197755
37268977746
37268977746
37280450055
37280450055
37284938188
37271308551
37273668351
37273668351
37274465746
37286975552
37286975552
37286975552
37307314289
37260338570
37260338570
37277059866
37277059866
37297325002
37300178908
37300178908
37303258783
37306891463
37261241087
37261241087
37261383064
37271055692
37295805335
37295805335
37295805335
37295805335
37295805335
37295805335
37258955457
37258955457
37258955457
37272138539
37281807306
37281807306
37284307432
37285930525
37285930525
37285930525
37285930525
37294306402
37296004842
37296004842
37296004842
37298494007
37298690851
37298690851
37298690851
37298690851
37298690851
37308330343
37281805907
37284375553
37286695354
37294269525
37259696810
37284707820
37284707820
37284707820
37284707820
37284707820
37296882047
37302094617
37302465110
37302465110
37262549629
37275711733
37275711733
37282758163
37285935662
37285935662
37285935662
37285935662
37290034042
37293173407
37293173407
37298766358
37298766358
37304466332
37262647822
37274833401
37274833401
37274833401
37274833401
37275811715
37264402732
37264402732
37264402732
37296100605
37296100605
37296100605
37296100605
37296100605
37296100605
37297752922
37297752922
37265775043
37269354660
37269354660
37275088434
37275088434
37275088434
37275088434
37284462977
37294208060
37294208060
37294208060
37268187372
37275160765
37264585482
37264585482
37264585482
37264585482
37264585482
37264585482
37265190977
37265190977
37271619966
37286268414
37291276588
37291387630
37294489253
37294489253
37277240295
37278714729
37282537986
37283398675
37283398675
37303096204
37303689208
37303689208
37303689208
37306314875
37306314875
37260389151
37271269700
37271269700
37271269700
37271269700
37280428978
37288626112
37288626112
37308172830
37259789070
37262639888
37262639888
37262639888
37263965555
37263965555
37265490931
37265490931
37265490931
37280683159
37264660020
37264660020
37269476170
37269476170
37269476170
37269476170
37269869772
37269869772
37269869772
37273647739
37303431485
37258466944
37258466944
37258466944
37258466944
37264868179
37264868179
37268022717
37273454396
37273454396
37289441555
37301311907
37301311907
37258499655
37260615668
37274044006
37274445010
37278643622
37278643622
37282182941
37282182941
37282182941
37285660928
37285660928
37258975461
37289111925
37302942244
37302942244
37302942244
37289170689
37289170689
37288811969
37288811969
37288811969
37275363222
37275363222
37275363222
37275363222
37296023354
37296023354
37296023354
37296023354
37296023354
37296184012
37296184012
37296184012
37302849284
37302849284
37302849284
37272824154
37272824154
37274582074
37274582074
37274582074
37286313621
37286313621
37286313621
37286313621
37286313621
37286313621
37286313621
37286704230
37286704230
37286704230
37269820934
37269820934
37269820934
37269820934
37269820934
37269820934
37269820934
37269820934
37283470564
37283470564
37263035585
37263035585
37263035585
37275235078
37275235078
37307394123
37307394123
37307394123
37304787640
37263754096
37282936894
37282936894
37283510783
37283510783
37283625770
37283625770
37283625770
37295097984
37308252534
37308252534
37308252534
37308252534
37308252534
37308252534
37308252534
37308252534
37308252534
37308252534
37255956977
37255956977
37255956977
37285942656
37285942656
37285942656
37302517703
37302517703
37302517703
37264443141
37264443141
37264443141
37264443141
37272319227
37272319227
37305336348
37305336348
37305336348
37305336348
37305336348
37305336348
37305552582
37305552582
37280334617
37280334617
37280334617
37296231447
37275156649
37282254637
37284631964
37284631964
37284631964
37284631964
37284631964
37284631964
37298109849
37298109849
37291503072
37295716367
37301433118
37294918462
37283117959
37283117959
37283117959
37283117959
37283117959
37283117959
37305806230
37301766880
37304871921
37304871921
37261789144
37260699280
37299782386
37305190147
37268200186
37268200186
37268200186
37268200186
37270734013
37303785732
37270392547
37270392547
37283648439
37283901931
37289971877
37289971877
37301279086
37276518272
37281436663
37298311115
37298311115
37306194575
37306194575
37306194575
37260938062
37260938062
37260938062
37260938062
37260938062
37260938062
37260938062
37260938062
37260938062
37260938062
37287128012
37287128012
37287128012
37287128012
37293988554
37293988554
37297953463
37297953463
37282258644
37282258644
37258169861
37260914932
37260914932
37271401125
37271401125
37271401125
37271401125
37271401125
37281940064
37281940064
37284631964
37284631964
37284631964
37284631964
37284631964
37284631964
37287700818
37287700818
37287700818
37293158341
37293158341
37293170474
37257981808
37257981808
37257981808
37257981808
37272831522
37287744500
37287744500
37287744500
37301604562
37259223168
37292033569
37292033569
37292033569
37292033569
37292033569
37296232442
37296232442
37278284214
37278284214
37278284214
37256210877
37256210877
37256210877
37263830147
37274964107
37274964107
37285890054
37297498623
37297953539
37305017214
37274526986
37274526986
37282758163
37290034042
37258050275
37286621619
37260936042
37260936042
37260936042
37265637855
37265637855
37263160524
37268885759
37269820934
37269820934
37269820934
37269820934
37269820934
37269820934
37269820934
37269820934
37305967834
37305967834
37271653870
37273693831
37273693831
37294918462
37298948576
37298948576
37267835477
37263009767
37277319401
37272082950
37276482060
37276482060
37276482060
37276482060
37276482060
37291212448
37291212448
37263965555
37263965555
37267855612
37267855612
37267855612
37267855612
37267855612
37302649471
37274163748
37284399442
37284399442
37284399442
37258466944
37258466944
37258466944
37258466944
37274554816
37274554816
37274554816
37276771473
37276771473
37276771473
37276771473
37276771473
37276771473
37276771473
37276771473
37281498633
37281498633
37282966504
37282966504
37282966504
37259104660
37304017320
37304017320
37304017320
37273853060
37273853060
37273853060
37273853060
37271977455
37271977455
37264519762
37308344910
37308344910
37308344910
37263512053
37263512053
37303659710
37263742495
37263742495
37272052311
37272052311
37272052311
37272052311
37287212439
37300222091
37300222091
37261893782
37302942244
37302942244
37302942244
37260594653
37260594653
37260594653
37271393220
37271393220
37280126982
37304389797
37259019068
37258050275
37283371742
37260880950
37300898664
37286621619
37289250471
37289250471
37289250471
37284454114
37284454114
37302936006
37302936006
37302936006
37269871689
37269871689
37274943892
37274943892
37274943892
37274943892
37274943892
37274943892
37274943892
37275017820
37275017820
37305214649
37305214649
37305967834
37305967834
37283477311
37283477311
37302868564
37302868564
37302868564
37262152633
37262152633
37266061767
37269195911
37269195911
37269195911
37269195911
37269195911
37273536660
37278047884
37278047884
37278047884
37282499377
37295731741
37295731741
37295731741
37295731741
37295731741
37295731741
37295731741
37270798329
37272310870
37272310870
37272310870
37272310870
37291484008
37291484008
37282067554
37283072509
37283072509
37283072509
37294822573
37294822573
37294822573
37280611640
37284943245
37262868929
37262868929
37262868929
37264851579
37264851579
37264851579
37285660928
37285660928
37259848875
37259848875
37259848875
37279521590
37279521590
37279521590
37279521590
37279521590
37290950031
37290950031
37290950031
37290950031
37290950031
37294434666
37270443227
37271964173
37271964173
37280679297
37267771206
37296251094
37297210945
37297210945
37297210945
37297210945
37297210945
37259572783
37259572783
37273200756
37273200756
37273200756
37273200756
37273200756
37273200756
37273200756
37273200756
37273200756
37273200756
37273200756
37273200756
37273200756
37278275935
37257977532
37262627649
37262627649
37262627649
37269051321
37269051321
37269051321
37269051321
37269051321
37280730695
37307454252
37307454252
37307454252
37307454252
37278285767
37278285767
37306732415
37302384271
37259866233
37259866233
37259866233
37292608911
37264743410
37264743410
37294385446
37294917035
37294917035
37294917035
37294917035
37262283617
37264903382
37296862513
37296862513
37288273843
37288273843
37288273843
37288273843
37288273843
37288273843
37288273843
37281799184
37289170689
37289170689
37306085093
37306085093
37261930759
37302683554
37265262000
37301494036
37301494036
37301494036
37301494036
37301494036
37301494036
37301494036
37301494036
37301494036
37301494036
37301494036
37301494036
37301494036
37262469966
37262469966
37263901350
37273796973
37273796973
37280772282
37266734841
37266734841
37266734841
37266734841
37275119005
37275119005
37275119005
37279034356
37295032175
37295885402
37295885402
37295885402
37287006892
37287006892
37263861760
37263861760
37305987402
37305987402
37305987402
37294326751
37294326751
37294326751
37348838595
37348838595
37348838595
37348838595
37348838595
37348838595
37348838595
37349665428
37349665428
37349665428
37277723797
37276615998
37281272810
37269701905
37269701905
37279074858
37279074858
37293927680
37260938062
37260938062
37260938062
37260938062
37260938062
37260938062
37260938062
37260938062
37260938062
37260938062
37262422013
37262422013
37271969249
37271969249
37271969249
37271969249
37271969249
37275504809
37284849309
37284849309
37294430119
37290349719
37263147280
37263147280
37261575673
37261575673
37304995733
37304995733
37304995733
37304995733
37277599800
37277599800
37277599800
37273073420
37276333679
37277675754
37277675754
37277675754
37277675754
37277675754
37277675754
37277675754
37277675754
37289504094
37279937219
37300381581
37300381581
37300381581
37300381581
37290631344
37290631344
37259273835
37307433558
37307433558
37307433558
37307433558
37307433558
37307433558
37307433558
37307433558
37307433558
37307433558
37307433558
37258030374
37302405301
37302405301
37286800884
37286800884
37286800884
37262930723
37262930723
37283016730
37283016730
37269453003
37269453003
37269453003
37274809322
37274809322
37274809322
37274809322
37275688939
37275688939
37266139122
37266139122
37279123760
37265253146
37282394300
37287047611
37287047611
37287047611
37287047611
37287047611
37287047611
37287047611
37287047611
37287047611
37287047611
37287047611
37287047611
37287047611
37287047611
37287047611
37287047611
37287047611
37287047611
37287047611
37287047611
37287047611
37287047611
37287047611
37287047611
37287047611
37287047611
37287047611
37287047611
37287047611
37287047611
37287047611
37287047611
37287047611
37287047611
37287047611
37287047611
37287047611
37287047611
37287047611
37287047611
37273118170
37273118170
37273118170
37300748967
37300748967
37300748967
37300748967
37300748967
37306246466
37306246466
37306246466
37306246466
37261050107
37284863108
37295720011
37295720011
37295720011
37295720011
37295720011
37265681929
37265681929
37265681929
37281231703
37281231703
37281231703
37281231703
37281231703
37281231703
37281231703
37281231703
37281231703
37281231703
37286341918
37286341918
37286341918
37275696472
37265102895
37265102895
37288811969
37288811969
37288811969
37286621619
37295106323
37283672353
37285244825
37285244825
37301433118
37301898761
37271924133
37271924133
37292311645
37297356382
37297356382
37297356382
37297356382
37297356382
37297356382
37297356382
37297356382
37297356382
37258633075
37261890930
37263218943
37263512053
37269580531
37269990247
37270426139
37271683945
37272041158
37272041158
37272972488
37273513332
37274164352
37275520566
37280598386
37282257621
37283777428
37283777428
37284131665
37287128012
37289360272
37292901736
37293339703
37294822573
37296735474
37303871064
37304871921
37306537828
37306907039
37347198018
37349846139
37354353183
37258312260
37258594740
37264519023
37265509168
37270364660
37272251241
37274775219
37284925192
37285601478
37288500717
37291619747
37296671918
37347330025
37347330025
37348307100
37352338784
37258526381
37264450053
37281021603
37286186557
37287006892
37290749996
37293170474
37301766880
37305622233
37347714617
37349628848
37351094748
37257764473
37259572783
37260289241
37263808382
37267662022
37269997361
37270094461
37270266120
37271970024
37273461423
37277675590
37283710651
37284416815
37287692943
37291000915
37291976739
37295306417
37298690851
37299197762
37301311907
37307433558
37353031529
37260567084
37262549629
37262840440
37264220529
37264902491
37269701905
37271619966
37280359655
37280777069
37283374697
37287047611
37287579666
37287579666
37289565991
37295892681
37297539924
37297852910
37303480639
37303583947
37308024974
37350235825
37350846742
37258757806
37270711872
37274690040
37274690040
37276482060
37276511346
37287700818
37293403677
37294269525
37300175313
37302609104
37307314289
37346315923
37258459736
37260338570
37262364361
37263065045
37263471656
37265970166
37270346534
37270346534
37271962612
37273022274
37280419328
37281139488
37281994063
37282859358
37283762329
37292188424
37292956643
37308330343
37348966339
37256249842
37261789144
37271164791
37273110195
37273750669
37274840825
37281345515
37284131829
37285314090
37293912298
37295149362
37303665339
37347198018
37352631498
37257980538
37258098082
37261923450
37262422013
37263808619
37265102895
37269415852
37281852884
37283253197
37289170689
37289170689
37290913313
37296015163
37296499936
37301279086
37346315923
37346710215
37348066630
37349604095
37353664362
37258535357
37259273835
37261481783
37271308551
37271948034
37273331548
37273483157
37274413369
37274512741
37275811715
37276809358
37282186928
37294772963
37294822573
37296082584
37346566188
37352908392
37260196744
37260540433
37265741648
37268969236
37269034106
37272284624
37275027840
37275404874
37283253197
37286396348
37290810251
37297210945
37299200608
37299461253
37346315923
37347198018
37262152633
37262407173
37262840440
37266556845
37269195911
37269820934
37269820934
37270392547
37274350325
37281864106
37283049843
37286341206
37287374579
37295150176
37296979820
37299958205
37303669700
37347198018
37352631498
37258459736
37260914932
37268820455
37272092568
37275380109
37275380109
37292439669
37295184558
37296926649
37302942244
37302942244
37302942244
37302942244
37308344910
37344601696
37346537230
37257312381
37260465446
37262983558
37265253146
37265970166
37268414003
37269618718
37270644306
37286396348
37290862978
37293418442
37293836193
37301296667
37304155087
37304747728
37350415722
37258030392
37260048145
37260615668
37261943818
37262533826
37263861760
37270862333
37271771328
37272751499
37274483637
37281289665
37283144366
37284287377
37286713571
37290642921
37291128318
37293055284
37301131543
37301494036
37303128692
37307469548
37354416282
37261139741
37261815202
37262365713
37264850554
37283016730
37285788611
37291098137
37293070367
37295689296
37296004842
37302405329
37308344910
37345804064
37346094333
37347716936
37257978123
37263281090
37270357928
37280777069
37282440395
37290862978
37291276588
37293403677
37294772963
37298690851
37301124790
37302942244
37302942244
37302942244
37302942244
37303544814
37352385308
37258454776
37261050107
37264958393
37269631944
37273200756
37275688939
37275696247
37281189853
37281289665
37281644576
37281644576
37281991516
37287111253
37295500731
37296671918
37296898520
37297356382
37301542073
37306507297
37344365706
37349616595
37351670020
37352902337
37270862333
37273505663
37276138873
37276511346
37277675754
37283031590
37291619747
37299461253
37304706724
37306027856
37262520187
37264868179
37266229190
37271262424
37271994612
37273370147
37273696342
37274554816
37275404874
37275933569
37277723797
37280346931
37283648266
37293616356
37301029326
37307454252
37347198018
37259491313
37261435251
37261887584
37265413026
37269033330
37269037626
37278544157
37280777069
37281795305
37281993846
37284287377
37291098137
37293912298
37297859174
37298775276
37299992146
37305680595
37306086237
37307063909
37349175263
37349453257
37352908392
37260338570
37260843807
37271683945
37272310870
37272556067
37280777069
37283795484
37287692943
37292747019
37294772963
37348931937
37351411610
37259866233
37260559980
37261552349
37262539106
37265013404
37266721163
37269837867
37274163039
37274465746
37281436663
37283874005
37290913226
37292889777
37293055284
37293403677
37298118168
37301811291
37301811291
37304385532
37304705809
37349637557
37257980538
37258408152
37259805380
37261099500
37261887584
37264851579
37265025463
37268996118
37275052922
37277675754
37279083382
37282759948
37283710651
37283931397
37284454114
37284560779
37291802881
37291961038
37296474541
37300528949
37305526307
37307017124
37351777219
37264520814
37264520814
37271994612
37274163039
37274554816
37279506627
37280460793
37280538920
37281869692
37296682689
37298050558
37302339215
37305198647
37263061650
37266139122
37269037626
37274526986
37280584077
37281272810
37285822296
37291098137
37291444958
37294249773
37303669700
37349641729
37350985954
37351102300
37351367177
37263808619
37265037086
37265253146
37267426429
37270881015
37270881015
37270887730
37272577978
37273866394
37280496336
37282440422
37288508107
37294923889
37295670101
37303897670
37306554385
37350994484
37258012005
37258012005
37258012005
37258012005
37258955457
37260164400
37260962998
37262543029
37270432016
37270841630
37274833401
37279916693
37282370573
37284416815
37297399054
37299992146
37349389785
37351921340
37353111311
37353389825
37258962317
37260304271
37261655481
37261891922
37262185242
37263218943
37263626791
37265253146
37268022717
37272310870
37279973400
37279973400
37281852884
37282378175
37283253197
37284300806
37286341206
37286777614
37293561476
37293978216
37300722619
37303871064
37305026222
37307277130
37348838595
37351367177
37352568696
37262840440
37269051321
37277675754
37280460793
37284441178
37285399394
37290901139
37294772963
37302936006
37304165260
37305031902
37305684962
37258990530
37261096042
37262410424
37263151857
37269051321
37271683945
37271969249
37272052311
37272787262
37275404874
37284631964
37284631964
37293070367
37293873303
37296520975
37301123181
37301123181
37301123181
37301123181
37347830060
37260022130
37260100327
37261050107
37261979778
37265628935
37266367608
37270734013
37274483637
37280584077
37282556018
37285182569
37288299609
37295824754
37295892681
37297356382
37300215992
37300215992
37301832430
37307433558
37349376630
37349604095
37353664362
37261655481
37262840440
37265582757
37272867023
37280114344
37285351967
37288500717
37291098137
37296474541
37298948576
37300215992
37302182312
37353352305
37259737577
37262425459
37263198959
37263808619
37265345939
37266343169
37267662022
37267670793
37269837867
37270698700
37273155369
37285314090
37297325002
37302649471
37303913336
37351738559
37354090672
37257468828
37257980538
37260810028
37260959652
37265921764
37268649036
37269668212
37270739370
37271653870
37271767575
37271793154
37274635203
37280191407
37292034659
37293853920
37294564820
37306537828
37307314289
37344589708
37349451391
37261720804
37290751491
37291757822
37294145706
37297356382
37260048145
37266194913
37269034106
37274045418
37274382832
37274445010
37280444376
37284185605
37284707820
37291098137
37295184558
37304348325
37306907678
37347683510
37348066630
37258050275
37258050275
37258050275
37258050275
37262840440
37263808619
37264428181
37265365473
37270728800
37272867023
37273949777
37275052922
37281840275
37284928705
37286695354
37290848025
37291757822
37294534382
37294923889
37296004842
37297356382
37297953398
37347683418
37347802286
37257615287
37257698804
37260352025
37262882715
37263808382
37269315325
37275038010
37275604018
37277599800
37279521590
37281940064
37285182569
37285244825
37289360272
37290848025
37296082584
37296979820
37297953463
37308330343
37348838595
37257786810
37260936042
37261256637
37261789144
37262784718
37271970024
37272310870
37275696247
37280538920
37293055284
37297953463
37301164817
37306707683
37346779672
37350466639
37258790696
37260389151
37262410424
37269122985
37281319075
37281611247
37283795484
37287182278
37300215992
37301766880
37350444974
37255936802
37259314789
37260298937
37265212495
37266237073
37269600327
37271508113
37273853060
37273878789
37274063805
37280114344
37287916741
37291855309
37292889098
37294424984
37296474541
37301542073
37303968898
37304895769
37306891463
37307601462
37258305622
37258757806
37261815202
37264450053
37272052311
37275233985
37277691818
37281282368
37283072509
37283244969
37283435459
37286344098
37288811969
37288811969
37352286479
37260397312
37260397312
37262639888
37266232606
37266570921
37269354660
37270881015
37270881015
37274163039
37276771473
37284208845
37287559519
37292747019
37303193237
37305148962
37305680595
37307549939
37256624263
37260493556
37263833410
37265223709
37269483423
37270675861
37272310870
37273200756
37273866394
37275410272
37275410272
37275410272
37275410272
37277125865
37281940064
37282897222
37285072883
37285399394
37285870146
37286378519
37293624999
37294687337
37298690851
37298948576
37306405413
37344947089
37348922034
37262344961
37263151857
37264402732
37272534000
37274624027
37281520365
37291961038
37297029423
37301494036
37305031902
37306940698
37349616595
37260328553
37262659324
37271427703
37273155369
37273827288
37277675754
37284185605
37289063652
37290045007
37299992146
37345265351
37350465706
37351738559
37258265334
37260615668
37262633938
37271964173
37272052311
37272556067
37272751499
37273899338
37274615910
37274698327
37275906589
37275906589
37281840275
37284064594
37284064594
37284064594
37284064594
37303867692
37305278150
37346964142
37347330025
37349604095
37351115376
37257468828
37258312260
37261837978
37262840440
37263160524
37265987353
37268200186
37269990247
37271969249
37273092369
37274035282
37275160765
37283072509
37284064594
37284064594
37284064594
37284064594
37287374579
37290045007
37291673088
37295281844
37295281844
37297356382
37351583486
37260155826
37260397312
37260397312
37260397312
37260397312
37260397312
37260397312
37270644306
37273827288
37279630168
37296832048
37297159121
37299798223
37303308018
37304610502
37307085457
37307673538
37307673538
37348840021
37260322015
37260699280
37260808407
37261588920
37263473049
37263630504
37269618718
37270698700
37273866394
37279973400
37279973400
37281231703
37281801737
37292454465
37297752922
37297953398
37346908734
37351367177
37260196744
37261050107
37261900414
37262450152
37262784718
37268977746
37270887730
37271115737
37271276803
37273370147
37274133125
37279145370
37291515538
37292747019
37348834489
37268562821
37271962612
37272610330
37275933569
37283176534
37283416219
37283936647
37290950031
37291407249
37293261319
37295933918
37303669700
37305245113
37348932576
37349453257
37349628848
37261930759
37262983558
37264743410
37270392547
37271400934
37273106699
37284454114
37284734559
37289565991
37293602580
37294114227
37294528014
37306405413
37346094333
37347745556
37347760350
37348583081
37258719878
37260468332
37261383064
37265253931
37266046192
37270346534
37270346534
37273483157
37277319401
37281231703
37282320863
37284131829
37292889098
37297861686
37299992146
37347198018
37353664362
37258499655
37260289241
37264636641
37267333360
37269991042
37272751499
37274287036
37275520566
37277629994
37282687795
37283931397
37288273843
37294772963
37297953398
37307085457
37264520814
37270881207
37270903447
37275072088
37278122783
37278599876
37283795484
37284707820
37285930525
37290572505
37292188424
37294489253
37301149700
37306507297
37348966339
37261201981
37262185242
37269284598
37270029515
37274554816
37275233985
37277064184
37280359655
37282760637
37286341918
37289927355
37290157596
37292454465
37293158341
37294772963
37295329155
37295719748
37296090244
37300215992
37300385955
37304017320
37345598824
37349972664
37352963619
37257878612
37258468754
37258468754
37259093728
37259223168
37263938111
37264585482
37272972488
37274045418
37280899572
37284172995
37285072883
37286543747
37293072015
37295281844
37295281844
37351432352
37257878612
37259491313
37261026055
37261225775
37262283617
37266543573
37269871689
37270891501
37271962612
37280823066
37282475929
37283176534
37284399442
37286653020
37295241930
37295307002
37298185512
37298948576
37301280034
37305031902
37256624263
37257312381
37258012005
37258012005
37258012005
37258012005
37260594653
37268200186
37271400934
37271401125
37274635203
37285220904
37290862978
37292854389
37297539924
37297818002
37301022445
37304676965
37348500112
37350370549
37351994170
37353143006
37256249842
37262381310
37262450152
37263808619
37271427703
37281506426
37283005039
37287559519
37299032576
37304017320
37305261964
37347716936
37263512053
37269388997
37272250974
37273647739
37275049441
37278285767
37278576993
37282560466
37282894385
37286396348
37286682250
37288403134
37300652524
37300741550
37303669700
37350273196
37352870355
37260559887
37262234966
37263965555
37263965555
37263965555
37263965555
37264175306
37267855612
37269837867
37272251241
37273513332
37274163039
37274488888
37283049843
37297139364
37297786212
37297786212
37297786212
37297786212
37301925930
37350626541
37258050275
37258050275
37258050275
37258050275
37261443648
37261443648
37268554700
37269051321
37270357928
37275404874
37278544157
37289971877
37291976739
37293195002
37294430119
37296650792
37301494036
37302908318
37303732427
37305806230
37306537828
37308189398
37346315923
37347294114
37349665063
37263567504
37265037086
37268885759
37272310870
37294208060
37294917035
37297399054
37303669700
37304173029
37344947089
37346057759
37350626541
37258633075
37260559887
37261474921
37262135383
37262647822
37265509168
37265628659
37267208053
37272052311
37272052837
37281917590
37283049843
37283901931
37290464488
37290464488
37290977413
37291757822
37293624999
37296546627
37297953463
37306707683
37307017124
37307387684
37308344910
37257980538
37258468754
37258468754
37258790696
37261111658
37261943818
37262983558
37263061650
37268200186
37273647739
37277599800
37282490179
37283931397
37284208845
37300480012
37353113866
37256624263
37258312260
37258790696
37262003873
37262407173
37263419698
37264676944
37268941336
37270711872
37273044663
37278284214
37284447994
37286341206
37287047611
37294424984
37298358681
37301811291
37301811291
37301898761
37303343108
37305148962
37308458938
37349453257
37351738559
37270698700
37270891501
37271293384
37273737293
37275759992
37278782464
37280312814
37284254709
37284263785
37286342354
37286543747
37289441555
37289569889
37291855309
37292094341
37301131543
37302942244
37302942244
37302942244
37302942244
37306907678
37345321234
37346380504
37348891429
37351670020
37258468754
37258468754
37261348500
37261372522
37261655481
37262868929
37263630504
37268562821
37273022274
37273722496
37279473678
37284564879
37287543905
37288905063
37293972957
37293978216
37296862513
37297399054
37301347827
37301811291
37301811291
37304173029
37306537828
37350138013
37257738442
37258265334
37259619044
37263938412
37265262000
37272915023
37273062721
37273200756
37274462772
37282636202
37284560779
37285498845
37286344116
37286543747
37291098137
37295670101
37305020571
37345712218
37347198018
37350626541
37351777219
37353818651
37259866233
37261474921
37263567504
37263836456
37272923785
37278285767
37280840555
37283253197
37289600514
37348066630
37348500112
37257980538
37261050107
37261050107
37262087776
37262577261
37263556220
37265365473
37281279688
37282320863
37296227439
37297266535
37306940172
37307386546
37307649491
37347079452
37258790696
37261762277
37266958471
37267476226
37268245107
37269909237
37271977589
37273910787
37277675754
37281279688
37282537986
37282863672
37282897222
37295997576
37296906128
37297399054
37302906682
37303871064
37307346564
37349657174
37349915324
37350424981
37352908392
37260813571
37262410424
37266048998
37269388997
37273092369
37273853060
37274512741
37275052922
37280444376
37293397843
37297356382
37298358681
37299032576
37305732063
37305961993
37349846139
37351341725
37351367177
37261099500
37261201981
37273907226
37280428978
37280777069
37284940066
37286396348
37293889178
37297082816
37307636767
37263147280
37267307726
37271964173
37283672353
37283710651
37286653020
37287047611
37288924881
37288924881
37291098137
37295824754
37300215992
37303669700
37347155007
37258050275
37258050275
37258050275
37258050275
37260887610
37262533826
37263742495
37265190977
37269298490
37276055197
37276458402
37279248251
37280312814
37283005039
37286341563
37294476598
37295680380
37295983752
37296155432
37298948576
37305750736
37347198018
37258305622
37258790696
37275038010
37281940064
37282897066
37289600514
37296499936
37307386546
37351367177
37257312381
37257978123
37258905582
37258962317
37264520814
37265970166
37269453003
37272250974
37275419877
37278643622
37280312814
37280363317
37282440395
37284185605
37284399442
37285930525
37289069774
37295375535
37298358681
37298826320
37301811291
37301811291
37302094617
37307433558
37349973122
37350275587
37354416282
37263923443
37263923443
37263923443
37263923443
37264550289
37272052311
37272859826
37275759992
37277216017
37285422816
37286799114
37288811969
37288811969
37290642921
37297386514
37303921735
37306537828
37308189398
37344947089
37261721247
37261721247
37272095244
37273758213
37274045418
37274690040
37274690040
37280730695
37281501524
37283648266
37304388621
37306940698
37347198018
37351670020
37354353183
37260540433
37261815241
37262458628
37263923443
37263923443
37263923443
37263923443
37268649036
37272632635
37274512741
37283077724
37284185605
37287553002
37304316099
37304423267
37306385756
37351775717
37262055687
37264826817
37274554816
37275607207
37286228564
37290572523
37291370257
37292608911
37297399054
37307277130
37347198018
37352631498
37258850135
37259988953
37262055687
37268216328
37272972488
37273910787
37275404874
37283513769
37292033569
37294492768
37296551255
37304889751
37305148962
37256624263
37259737577
37260113734
37260164400
37260844075
37260959652
37263808619
37264585482
37268649036
37268649036
37274350325
37277675590
37277957801
37278845278
37282846777
37288273843
37289441555
37293626527
37294318818
37298385609
37304895769
37347198018
37261026055
37265450833
37275711733
37284131665
37285885905
37286543747
37297953398
37301347827
37303689208
37345790766
37347265511
37347599664
37260304271
37262840440
37263808619
37266734841
37271508113
37271948911
37272462701
37275027840
37277675754
37280114344
37280200965
37280457122
37291836506
37294920555
37348500112
37353362629
37259798828
37260844075
37262002885
37262577261
37266492501
37269284651
37270543775
37273505663
37273600928
37275038822
37276511346
37280679297
37280777069
37286435902
37293553607
37293912298
37305321549
37305366851
37307386546
37307636767
37351899309
37258535357
37261050107
37264842297
37264842297
37264842297
37264842297
37270827405
37272052837
37272632635
37273057548
37280460793
37281917590
37282687795
37283435459
37287128012
37291051152
37296255390
37298255510
37303056346
37305587993
37344601696
37352795970
37260304271
37264788551
37264850554
37271393220
37277059866
37281644576
37281644576
37282394300
37282440395
37285937876
37292217529
37294208060
37295031710
37297064585
37297081987
37299117742
37303343108
37305031902
37306537828
37349604095
37268245107
37271414674
37272251717
37273200756
37294655339
37294772963
37295149362
37305622233
37307017124
37260959652
37262543029
37266556845
37271450033
37274740476
37283253197
37288802603
37290861243
37296155432
37297079031
37305017214
37346537230
37347513555
37349641729
37349665428
37352072666
37261891922
37262234966
37272042058
37272491949
37278544157
37280021323
37281231703
37281780406
37282440422
37290641627
37293126807
37293978216
37301604562
37307433558
37349032160
37264402732
37266409400
37270094461
37274554816
37280063050
37280584077
37282895732
37282981553
37287335150
37290572505
37294187450
37294326751
37298959808
37301484627
37303650309
37305806230
37308458938
37347330025
37353114005
37260559980
37262543029
37262983558
37269415852
37271683945
37272052837
37272462701
37274629695
37277876872
37280460793
37281217925
37282182941
37284194117
37289565991
37293624999
37297528738
37300903603
37301811291
37301811291
37303431485
37349451596
37351324686
37258535357
37260397312
37260397312
37265253146
37266153673
37268090214
37269476170
37272041158
37274163748
37274657787
37276223937
37280114344
37280584077
37286416960
37288626112
37293355110
37293580640
37295329155
37296757669
37302405301
37305388693
37350005498
37350557985
37255936802
37261959210
37262304091
37262469966
37262840440
37263218943
37266749315
37273739938
37274635203
37279034356
37284416815
37284579242
37284940066
37285870146
37285930525
37286682250
37288270824
37292854389
37293853920
37294430119
37296012278
37301164817
37350370549
37351777219
37353031529
37265365473
37267307726
37270042991
37273600928
37273722496
37279448303
37281225648
37282894385
37283114901
37291819084
37292034659
37298690851
37300467778
37301829496
37304423194
37349972664
37352642626
37256249842
37258905582
37260164400
37262003873
37263059947
37268200186
37272041158
37283166217
37283710651
37284254709
37284416815
37287111253
37288802603
37289250471
37296014421
37297386514
37306385756
37306537828
37351583437
37351994170
37259151581
37261474921
37262422013
37262633938
37263677534
37264636641
37264682800
37266194913
37268397922
37268715963
37270862333
37271262424
37271599555
37271983236
37276412924
37283874005
37287692943
37293072015
37294130579
37304388621
37258030392
37258633075
37260100327
37260397312
37260397312
37262158188
37262410424
37265628935
37271683945
37271957889
37272831522
37275711302
37285697554
37290253553
37291098137
37294269525
37307532239
37349376554
37257980538
37264099241
37266194913
37268200186
37268649036
37272407228
37273647739
37276615998
37278800780
37282897222
37288336812
37290950031
37304017320
37307436562
37307436562
37345712218
37346797276
37347155007
37352902337
37258468754
37258468754
37271683945
37272888936
37277855791
37277876872
37279307059
37281279511
37295824039
37299395549
37300215992
37300798804
37302405329
37308026346
37261050107
37262754596
37268414003
37269909214
37269909214
37269909214
37269909214
37272442709
37273806111
37276055197
37287047611
37289250471
37295720011
37305587993
37306947563
37347683418
37348891429
37351583486
37257718128
37261338402
37261914695
37261943818
37270675861
37273536660
37275661075
37277578785
37279860383
37282394300
37283117959
37284131665
37286228564
37286800884
37286975552
37290416778
37298959808
37303431485
37349846139
37352631498
37257978123
37265317848
37266343169
37272251145
37281231703
37283006161
37289971877
37292939713
37293853920
37296499936
37303785732
37303913336
37307433558
37351670020
37352726391
37257786810
37261914695
37262344961
37268562821
37269051321
37269365881
37271414674
37271530239
37277216017
37282896624
37284579242
37287111253
37294114227
37346094333
37346952815
37349604095
37351436682
37352908392
37354735927
37260048145
37261481783
37262983558
37263677534
37264450053
37265628935
37273062721
37273983740
37274445010
37274690040
37274690040
37276771473
37280021323
37285852294
37292854389
37294687337
37302517975
37303240609
37303867692
37304017320
37307454252
37350235825
37263009767
37270266120
37272751499
37274044006
37277458250
37277675754
37284185605
37284578821
37289063652
37291098137
37292311645
37293126807
37294669443
37298959808
37348066630
37258633075
37260322015
37260808407
37260962998
37264850554
37264850554
37269506818
37287374579
37289069774
37290253553
37290654039
37291818811
37293896331
37297064585
37297124358
37300528949
37306085093
37349586115
37258905582
37260828166
37261721247
37262381310
37263921404
37269837867
37271964173
37281917590
37282402813
37289565991
37290183869
37299992146
37303610990
37303659710
37308060625
37349664945
37353085215
37257126402
37259988953
37275160765
37302531123
37344365706
37346094333
37349778821
37352671203
37259866233
37264520814
37265037086
37271619966
37274943892
37281231703
37288802603
37291819084
37294414767
37295329155
37296654774
37301766880
37307857226
37264788551
37265700157
37265970166
37265970166
37272251241
37273106699
37274690040
37274690040
37277064184
37281231703
37283253197
37284180689
37287047611
37294196199
37294249773
37294539066
37303308018
37304705809
37305149242
37308026346
37347716936
37257980538
37262425459
37263833410
37269365881
37271427703
37272041158
37275759992
37280460793
37281021603
37282490179
37283244969
37289069774
37289600514
37291237975
37293836193
37293988554
37299430616
37306537828
37258768880
37260828166
37262087776
37262755148
37269668212
37270804668
37272859826
37275661075
37283906975
37288299609
37290253553
37290572523
37293081980
37295036585
37295992405
37299622341
37346057759
37346057759
37349641729
37354722100
37262425459
37263861760
37265582757
37273200756
37273907226
37274692891
37274898605
37275477697
37277629994
37285422816
37287579004
37295885402
37307277130
37307537117
37308458938
37345790766
37351788566
37352064410
37258955457
37259866233
37262055687
37263061650
37263151857
37263919981
37264175306
37269668212
37272052837
37272923785
37272972488
37276812253
37277876872
37279521590
37279585503
37281993846
37285863573
37288626112
37295680380
37295925198
37302160171
37304588482
37304965986
37345123009
37345598824
37348171728
37349675466
37264450053
37273693831
37273725074
37274163039
37276000025
37282560466
37283244969
37286416960
37286653020
37287700818
37288299609
37290654039
37292854389
37293158341
37293561431
37294306402
37295885402
37299430616
37307387684
37349530094
37349616595
37352726391
37257718128
37263556220
37267426429
37268216328
37273853060
37282480284
37283398675
37286249581
37286249581
37347612516
37348932576
37264175306
37267307726
37269476170
37276076741
37282440395
37285399394
37258719878
37261827031
37269668212
37270903451
37272083066
37275520566
37280346976
37283077724
37285996065
37287047611
37292439669
37293168053
37300215992
37302942244
37302942244
37302942244
37302942244
37303544814
37306537828
37345123009
37348931937
37353542484
37257604117
37258030374
37258446697
37259394711
37263736712
37266343169
37266543573
37268012896
37268562821
37271164791
37271957889
37272052311
37273647739
37276771473
37278334456
37278334456
37279973400
37279973400
37284416815
37287579666
37287579666
37288299609
37293853920
37297029423
37297498623
37297501432
37301494036
37302517975
37307532239
37347294114
37256210877
37262344961
37264078601
37264851579
37271427703
37274465746
37275088434
37275460226
37279521590
37281644576
37281644576
37283931103
37284734559
37286249581
37286249581
37295348902
37296015163
37297498623
37302918408
37302936006
37346566241
37352908392
37267642838
37269618718
37272877078
37274554816
37275604018
37278985226
37283416184
37284548566
37284849309
37294099399
37294385446
37294836606
37299992146
37303431485
37351432183
37351827129
37353031529
37260548442
37261720804
37262071543
37262627649
37262935981
37263471656
37263808619
37267855612
37272042058
37272867023
37277855791
37283218575
37284287377
37287047611
37289433332
37297029423
37302197755
37304316099
37344365706
37348839996
37353352305
37257312381
37260465446
37265365473
37267476226
37272041158
37272052311
37272052837
37272867023
37273878789
37279224702
37282232877
37282326823
37282370554
37284230161
37286821022
37289565991
37297356382
37301368852
37303669700
37303921735
37306537828
37349751139
37351597439
37351670020
37353664362
37256791112
37263218943
37273910787
37275410335
37277855791
37280581367
37280777069
37281686034
37284194117
37288218057
37292187253
37296671918
37297861686
37299798223
37302889083
37349389785
37349451596
37262410424
37264585482
37264772229
37265187135
37269974458
37271599555
37274512741
37276346213
37281279511
37285376968
37289927355
37293912298
37295824754
37296735474
37304017320
37305148962
37348839996
37260315638
37263059947
37263861760
37264402732
37264517624
37266345344
37269195911
37271920150
37271924133
37281644576
37281644576
37282592897
37289233887
37290464488
37290464488
37293337627
37296082584
37301542073
37302889083
37303921735
37304965986
37349628586
37259798828
37262539106
37280200965
37283253197
37284254709
37288802603
37289971877
37292068645
37292608911
37294004298
37294424984
37294425853
37294425853
37295106323
37296716138
37296716138
37296716138
37296716138
37299200608
37349743386
37352795970
37260164400
37261815241
37263836456
37267771206
37271599555
37272751499
37283425612
37285411815
37289289926
37297081987
37298385609
37301164817
37304747728
37307063909
37347330025
37258962317
37263861760
37265077548
37271994612
37274091416
37281783243
37282370573
37283253197
37292454465
37296227439
37307532239
37344947089
37347265511
37351777219
37352963619
37261304891
37261837978
37261979778
37268550253
37268977746
37271920150
37272052311
37272556067
37274163748
37276138873
37276333681
37284416815
37291483675
37295740946
37302907128
37305031902
37305750736
37307199064
37348838595
37258184505
37259144017
37263095642
37265187135
37270887730
37272515293
37281917590
37285351967
37286435902
37290641627
37291098137
37294836606
37300262697
37301164817
37302889083
37306537828
37346957425
37257506597
37260938062
37260938062
37260938062
37260938062
37262344961
37262543029
37262935981
37268649036
37273155369
37275072088
37291518385
37292608911
37294145706
37261099500
37262158763
37262425459
37269820934
37269820934
37272251145
37279585503
37280063050
37281498633
37282370573
37284230161
37287182278
37293896331
37295089397
37300215992
37301164817
37302331834
37305388693
37346876639
37347198018
37261372329
37262224525
37263471656
37263808619
37264958393
37269668212
37270392547
37270903447
37277691818
37278576993
37290157596
37290682642
37290682642
37292752463
37305245113
37352908392
37270698700
37277023396
37281817279
37281817279
37283795484
37287192075
37292033818
37294424984
37297768788
37308184848
37347198018
37259866233
37261552800
37261827031
37265582757
37266556845
37273811684
37275933569
37278190575
37288508107
37293070367
37293170474
37303055009
37306950597
37308184848
37349512671
37349915324
37257468828
37258050275
37258050275
37258050275
37258050275
37258757806
37261552349
37261552800
37263847575
37268562821
37270346534
37270346534
37273741141
37275038822
37277125865
37277532904
37278643622
37286341918
37289250471
37293616356
37294249773
37294528014
37296155432
37306504385
37306504385
37306504385
37306504385
37306537828
37307277130
37307601047
37347198018
37348675300
37260914183
37261256637
37262450152
37265628935
37268187372
37268649036
37273806111
37274122823
37280428978
37280584077
37281345395
37281817279
37281817279
37282378175
37283072509
37285422816
37291201523
37294424984
37302438824
37303818408
37304588482
37351771128
37352642626
37259273835
37261224793
37264850554
37265605311
37270360622
37277125865
37286228564
37287692943
37290913313
37293624999
37295443203
37296862513
37297818002
37304423267
37304747728
37350285174
37354213633
37261456303
37262659324
37262840440
37262840440
37271993185
37272052837
37274045418
37275160765
37276771473
37276901838
37299048064
37305148962
37305740410
37347683510
37347830060
37349493523
37349586115
37260733438
37264220529
37272041158
37273200756
37274163039
37280351055
37290045007
37292608911
37292990019
37295580180
37297498623
37348840021
37260468332
37261891922
37262577261
37262754596
37263160524
37265013404
37268420118
37268554700
37268941336
37274898605
37275696247
37275696472
37281940064
37285852294
37287553002
37288299609
37291444958
37302918408
37271683945
37272251145
37275088434
37277957801
37284579242
37284938188
37288811969
37288811969
37291212448
37292034659
37293427043
37293610834
37295682659
37297436672
37301368852
37303876524
37306507297
37307636767
37349254740
37350626541
37350945920
37260938062
37260938062
37260938062
37260938062
37263573519
37263754096
37264943273
37270903447
37279034356
37281506426
37288146484
37290862978
37291098137
37294385446
37294425853
37294425853
37295241921
37297029730
37298385609
37303913336
37346566188
37262411968
37262659324
37272310870
37280652951
37280778781
37282859358
37284230161
37284786129
37286543747
37287047611
37290358634
37291201523
37294130579
37299586544
37301904872
37304155087
37349361445
37262410424
37263836456
37267208053
37274325324
37274690040
37274690040
37276095368
37282257621
37287047611
37288648278
37291098137
37291457970
37291515538
37308172830
37264585482
37265413026
37273505663
37278859384
37281695867
37281864106
37281864106
37285422816
37305293242
37350985954
37351367177
37263836456
37264402732
37285890054
37287047611
37290416778
37292854389
37297356382
37306537828
37346908734
37347198018
37350273196
37258282295
37261837978
37263160524
37272052837
37273155369
37276223937
37280114344
37280777069
37283710651
37287047611
37291999963
37295824039
37297942098
37307017124
37308172830
37350823226
37351583486
37261575673
37261575673
37261930759
37266373091
37272052311
37273044663
37273385976
37275088434
37281225648
37283513769
37290446973
37295934027
37299622341
37302908318
37349924925
37351777219
37352671203
37263218943
37264632532
37265128005
37268820455
37275380109
37281780406
37281795305
37283882670
37286543747
37287559519
37289233887
37294836606
37295329155
37347198018
37349391284
37258695373
37261338402
37261930759
37267835477
37269052748
37270375854
37279262600
37283648439
37285072883
37285244825
37285935662
37287047611
37287553002
37289233887
37291407249
37293170474
37304155087
37305684962
37349360380
37353664362
37258952540
37259019068
37260059376
37260706897
37261436469
37264826817
37264850554
37265083288
37269247262
37271948911
37273536660
37273899338
37281308215
37281345395
37283374697
37283795484
37284131665
37284230161
37286653020
37288403134
37353114005
37260289241
37261815241
37262283617
37262627649
37270903451
37274692891
37280063050
37285660928
37285660928
37285660928
37285660928
37286341563
37287047611
37290464488
37290464488
37293397843
37294130389
37294669443
37297029730
37297134000
37304017320
37256624263
37262749538
37268022717
37273200756
37273741141
37281993846
37287128012
37294318818
37296808838
37297357925
37297399054
37298517259
37349493523
37349641729
37354338454
37259572783
37260322015
37261923450
37263919981
37263938412
37265262000
37268715963
37270262497
37272247485
37273121534
37274706144
37275711302
37275933569
37279506627
37284734559
37284940066
37285244825
37292444489
37292854389
37294318818
37297407981
37301542073
37305190147
37306385756
37306537828
37260224177
37263066974
37266504006
37268022717
37281795305
37286268414
37294286209
37303659710
37257594158
37266238481
37269618718
37270891501
37271717387
37272463817
37272708847
37277064184
37291080228
37294836606
37296546627
37297953463
37303240609
37259151581
37260615668
37262840440
37266048998
37266229190
37269991042
37270833430
37272515293
37272787262
37273200756
37273853060
37273878789
37276892705
37279224702
37282017344
37286341918
37286342354
37288550136
37289504094
37290464488
37290464488
37291818811
37292901736
37295805335
37303867845
37305987402
37306554385
37347198018
37351664349
37257738442
37258768880
37262840440
37262840440
37263004764
37263833410
37267333360
37269476170
37269994897
37272041158
37279521590
37282232877
37282556018
37282863672
37291619747
37300215992
37305031902
37346380504
37350827990
37352642626
37352902337
37353352305
37260352025
37260914932
37261225775
37262135383
37265855409
37271619966
37271683945
37272250974
37273259532
37275072088
37280444376
37287700818
37289399985
37291976739
37292454465
37294130579
37300903603
37302517975
37303921735
37304995733
37308024974
37346057759
37260338570
37260808407
37262407173
37263577003
37266153673
37270346534
37270346534
37270887730
37274483637
37275413693
37276812253
37277629994
37278859384
37284185605
37284254709
37285072883
37289199056
37289496984
37292889098
37293168053
37295307002
37347079409
37349360380
37258719878
37261474921
37261759348
37262633938
37264682800
37267426429
37271993185
37273370147
37277125865
37281914300
37284399442
37287539168
37289971877
37290157596
37290157596
37291098137
37291619747
37293964676
37296232442
37296232442
37303240609
37306085093
37307449728
37349616595
37349675466
37258383378
37265365473
37271962612
37272972488
37277488283
37279302040
37280584077
37284938188
37290504466
37298050558
37303665339
37350843660
37257506597
37261338402
37263160524
37264851579
37264943273
37270375854
37290514944
37293158508
37297356382
37297818002
37299586544
37303931081
37352568696
37259037648
37260397312
37260397312
37261009012
37261456303
37272041158
37280460793
37281789995
37282440395
37282592897
37284786129
37288384943
37290911760
37297064585
37352631498
37353352305
37256249842
37258851166
37259528818
37260059376
37261050107
37263059947
37265741648
37272680163
37273062721
37273064625
37283253197
37293912298
37297356382
37344601696
37260289241
37266343169
37270891501
37283648439
37291976739
37298948576
37305198647
37306194575
37308344910
37352908392
37354722100
37257604117
37259805380
37259805380
37263861760
37272867023
37284849309
37287047611
37290006262
37293602580
37298517259
37348931936
37263267878
37265317848
37273737293
37279262600
37286249581
37286249581
37286341918
37287916741
37289066855
37289113482
37295184558
37295241930
37299992146
37346908734
37349616595
37353286897
37261887584
37262344961
37263577003
37264220529
37264488879
37265741648
37265987353
37268550253
37269388997
37271599555
37273385976
37273536660
37273983740
37274655210
37275119005
37275604018
37283253197
37283253197
37284300806
37290911760
37291457970
37293170474
37293610834
37300215992
37302908318
37344601696
37346057759
37351738559
37260808407
37261435251
37266924641
37268090214
37284423297
37288802603
37307537117
37352703602
37258990547
37260298937
37264583436
37269989503
37273758213
37274615910
37275088434
37278714729
37278800780
37279307059
37280772282
37281783243
37283049843
37283777428
37286777614
37287539168
37290550190
37290950031
37293912298
37301798410
37303308018
37305482705
37260813571
37262515455
37263095642
37268913248
37272534000
37272867023
37274655210
37277675754
37279916693
37283016730
37283219662
37288508107
37290631344
37291976739
37294318818
37297981897
37354735927
37257312381
37262152633
37264682800
37265012935
37265371231
37271717387
37272052837
37273092369
37273739938
37273878789
37277675590
37279034356
37280200965
37284064594
37284064594
37284064594
37284064594
37286342354
37288994633
37289063652
37301766880
37301811291
37301811291
37303897670
37304316099
37305482705
37348718149
37353031529
37257615287
37258955457
37259037648
37260833092
37262422013
37265371231
37272052837
37272090855
37273073420
37274325324
37274526986
37287047611
37305261964
37351102300
37259144017
37260807017
37261900414
37266865294
37269195911
37269247262
37272041158
37274635203
37281783243
37283931103
37291201523
37292901736
37295353107
37297352932
37300215992
37304711086
37304960519
37351367177
37351411610
37260465446
37270357928
37270698700
37272924669
37275380109
37279916693
37281840275
37291027587
37302942244
37302942244
37302942244
37302942244
37306707683
37307632171
37308458938
37344947089
37350945920
37257786810
37261943818
37262754596
37264682800
37265317848
37266046192
37266543573
37268969236
37269052748
37272310870
37272924669
37274044006
37276076741
37280496336
37280730695
37282067554
37282560466
37283777428
37284131829
37287335150
37295793901
37306537828
37306891463
37349972664
37354753009
37259885587
37262135383
37262365713
37263861760
37270903451
37278190575
37287047611
37295838347
37295877001
37297064585
37305245113
37306385756
37350051134
37262152633
37264851579
37265103515
37268090214
37273155369
37273200756
37274829004
37274951025
37278643622
37281436663
37281914300
37284416815
37285930525
37293553607
37306537828
37307433558
37347198018
37347198018
37259273835
37261891922
37271908331
37275696472
37277675754
37284185605
37285399394
37285660928
37285660928
37285660928
37285660928
37288791075
37296546627
37301641950
37305031902
37307601047
37270346534
37270346534
37272480247
37272480247
37274840825
37275607207
37281840275
37283253197
37283552633
37285870146
37286682250
37290183869
37294130579
37295329155
37295997576
37296832048
37297266535
37303818408
37308344910
37258169861
37259689766
37265077548
37268649036
37269593122
37269668212
37270698700
37270739370
37272041158
37272463817
37278334456
37284185605
37287775848
37289441555
37295281844
37295281844
37295793901
37296100593
37303629560
37303913336
37306163089
37344601696
37349586115
37353818650
37256624263
37257821558
37260068171
37260936042
37261979778
37262814547
37271400934
37272579828
37273110195
37273155369
37274164352
37294326751
37295329155
37296012278
37297861686
37303818408
37349412682
37354338454
37256249842
37266046192
37273806111
37275404874
37287916741
37293055284
37294208060
37294669443
37298826320
37302649471
37305958511
37350626541
37257786810
37257980538
37261277485
37263512053
37263921404
37272251717
37274943892
37280191407
37281795305
37284676580
37293081059
37296682689
37299395549
37302405347
37304165260
37350451902
37351825957
37352908392
37257126402
37269284598
37269354660
37285399394
37288630506
37289250471
37297325002
37304960519
37304995733
37308172830
37352729437
37261378147
37262410424
37262754596
37263754389
37265190977
37269052748
37271920150
37275038822
37275477697
37279648318
37281780406
37283077724
37283924850
37290572505
37290682642
37290682642
37293337627
37294306402
37294772963
37295036585
37295580180
37297658090
37297953539
37301832430
37306537828
37307601047
37345123009
37347181309
37348839996
37256210877
37257981808
37260397312
37260397312
37261887584
37262381310
37263919981
37270266120
37270728800
37273092369
37273595954
37277532904
37281755211
37282897222
37290974650
37293055284
37293195002
37294917035
37297501432
37299032576
37303128692
37303689208
37348838595
37260289241
37262469966
37269354660
37270441527
37272867023
37274856132
37274974530
37284208845
37285870146
37285935662
37286228564
37286341206
37296155432
37303614738
37304085368
37307532239
37346057759
37352870355
37258123922
37260993463
37261050107
37261139741
37261837978
37263473049
37266139122
37268245107
37268420118
37269051321
37270698700
37274526986
37285411815
37288273843
37290848025
37293912298
37294196199
37294729792
37298826320
37300467778
37304705809
37305238522
37347714617
37347760350
37351788566
37352615090
37352823675
37259336822
37260289241
37260551683
37264788551
37264851579
37266734841
37272867023
37273433917
37275563078
37282490179
37286268414
37288626112
37288826541
37293126807
37293494337
37294424984
37297399054
37301494036
37302198015
37348931937
37351102300
37260962998
37262882715
37264026753
37271962612
37278576993
37286341206
37291098137
37304017320
37350465706
